                    precision    recall  f1-score   support

               0se       1.00      1.00      1.00        84
        1hoang-yen       0.52      0.89      0.65        18
           2hoa-mi       0.92      0.89      0.91        55
              3tri       1.00      0.85      0.92        13
         4trich-co       0.68      0.83      0.75        18
         5hoet-lua       0.76      0.68      0.72        19
            6le-le       1.00      1.00      1.00        16
          7sao-nau       0.93      0.89      0.91        28
       9chich-choe       0.96      0.85      0.90        81
           8cu-dat       0.82      0.96      0.89        28
        10cong-coc       1.00      0.91      0.95        11
        11ca-cuong       1.00      1.00      1.00        10
              12co       0.51      0.69      0.59        26
            13quoc       0.93      1.00      0.96        52
        14hec-xoan       1.00      1.00      1.00        18
        15hoet-den       0.57      0.96      0.72        28
16phuong-hoang-dat       0.94      1.00      0.97        16
            17oanh       0.86      1.00      0.93        19
         18huyt-co       0.50      0.22      0.31        18
           19khuou       0.97      0.93      0.95        95
        20trich-re       1.00      1.00      1.00        55
    21chang-nghich       1.00      1.00      1.00        12
         22mo-nhat       0.95      1.00      0.97        19
         23de-giun       0.88      0.98      0.93        54
          24khuyen       0.80      0.75      0.77        52
         25bim-bip       0.93      0.91      0.92        68
        26chao-mao       0.95      0.91      0.93       133
         27hut-mat       0.96      0.85      0.90        26
        28cheo-beo       0.92      0.96      0.94        25
             29cut       0.99      0.96      0.97        74
             30sau       1.00      1.00      1.00        45
         31cum-num       1.00      1.00      1.00        14
       32thanh-lam       1.00      1.00      1.00        15
          33bo-cau       1.00      1.00      1.00        11
      34choc-quach       0.64      0.82      0.72        11
         35que-lam       0.85      1.00      0.92        11
         36ngu-sac       1.00      1.00      1.00        13
     37hoanh-hoach       0.83      0.71      0.77        14
              38en       0.69      0.39      0.50        74
      39thanh-tuoc       0.86      1.00      0.93        19
             40vac       0.95      1.00      0.97        18
        41chia-voi       0.90      1.00      0.95         9
         42mat-xeo       1.00      1.00      1.00        18
          43mat-do       1.00      1.00      1.00        18
         44sam-cam       1.00      1.00      1.00        18
          45cu-gay       0.98      0.88      0.92        49
             46ket       1.00      1.00      1.00        11
       47trao-trao       0.98      1.00      0.99        43
        48xanh-tim       0.69      1.00      0.82        18

          accuracy                           0.90      1600
         macro avg       0.89      0.91      0.89      1600
      weighted avg       0.90      0.90      0.90      1600
