                    precision    recall  f1-score   support

               0se       0.97      1.00      0.98        84
        1hoang-yen       0.53      0.89      0.67        18
           2hoa-mi       0.71      0.71      0.71        55
              3tri       0.54      1.00      0.70        13
         4trich-co       0.67      0.89      0.76        18
         5hoet-lua       0.64      0.47      0.55        19
            6le-le       0.94      1.00      0.97        16
          7sao-nau       0.70      0.82      0.75        28
       9chich-choe       0.89      0.73      0.80        81
           8cu-dat       0.93      0.93      0.93        28
        10cong-coc       0.42      0.91      0.57        11
        11ca-cuong       1.00      1.00      1.00        10
              12co       0.64      0.27      0.38        26
            13quoc       0.93      0.96      0.94        52
        14hec-xoan       0.90      1.00      0.95        18
        15hoet-den       0.58      1.00      0.74        28
16phuong-hoang-dat       0.89      1.00      0.94        16
            17oanh       0.90      1.00      0.95        19
         18huyt-co       0.56      1.00      0.72        18
           19khuou       0.93      0.86      0.90        95
        20trich-re       0.95      0.96      0.95        55
    21chang-nghich       1.00      1.00      1.00        12
         22mo-nhat       0.86      1.00      0.93        19
         23de-giun       0.91      0.91      0.91        54
          24khuyen       0.73      0.87      0.79        52
         25bim-bip       0.98      0.69      0.81        68
        26chao-mao       0.90      0.80      0.85       133
         27hut-mat       1.00      0.85      0.92        26
        28cheo-beo       0.89      1.00      0.94        25
             29cut       0.96      0.92      0.94        74
             30sau       0.95      0.93      0.94        45
         31cum-num       1.00      1.00      1.00        14
       32thanh-lam       1.00      1.00      1.00        15
          33bo-cau       0.67      0.91      0.77        11
      34choc-quach       0.58      1.00      0.73        11
         35que-lam       0.79      1.00      0.88        11
         36ngu-sac       1.00      0.85      0.92        13
     37hoanh-hoach       0.67      0.57      0.62        14
              38en       0.87      0.27      0.41        74
      39thanh-tuoc       0.79      1.00      0.88        19
             40vac       0.86      1.00      0.92        18
        41chia-voi       0.90      1.00      0.95         9
         42mat-xeo       1.00      1.00      1.00        18
          43mat-do       0.95      1.00      0.97        18
         44sam-cam       1.00      1.00      1.00        18
          45cu-gay       0.98      1.00      0.99        49
             46ket       1.00      1.00      1.00        11
       47trao-trao       1.00      0.98      0.99        43
        48xanh-tim       0.77      0.94      0.85        18

          accuracy                           0.85      1600
         macro avg       0.84      0.90      0.85      1600
      weighted avg       0.87      0.85      0.85      1600
