                    precision    recall  f1-score   support

               0se       1.00      1.00      1.00        84
        1hoang-yen       0.48      0.72      0.58        18
           2hoa-mi       0.96      0.93      0.94        55
              3tri       0.59      1.00      0.74        13
         4trich-co       0.74      0.94      0.83        18
         5hoet-lua       0.94      0.79      0.86        19
            6le-le       1.00      1.00      1.00        16
          7sao-nau       1.00      0.89      0.94        28
       9chich-choe       0.93      0.99      0.96        81
           8cu-dat       1.00      1.00      1.00        28
        10cong-coc       0.92      1.00      0.96        11
        11ca-cuong       1.00      1.00      1.00        10
              12co       1.00      0.54      0.70        26
            13quoc       1.00      1.00      1.00        52
        14hec-xoan       0.95      1.00      0.97        18
        15hoet-den       0.58      1.00      0.74        28
16phuong-hoang-dat       0.94      1.00      0.97        16
            17oanh       1.00      1.00      1.00        19
         18huyt-co       0.75      1.00      0.86        18
           19khuou       0.97      0.97      0.97        95
        20trich-re       0.98      1.00      0.99        55
    21chang-nghich       1.00      1.00      1.00        12
         22mo-nhat       1.00      1.00      1.00        19
         23de-giun       1.00      1.00      1.00        54
          24khuyen       0.72      0.92      0.81        52
         25bim-bip       1.00      0.88      0.94        68
        26chao-mao       0.98      0.98      0.98       133
         27hut-mat       1.00      0.96      0.98        26
        28cheo-beo       1.00      1.00      1.00        25
             29cut       1.00      1.00      1.00        74
             30sau       1.00      1.00      1.00        45
         31cum-num       1.00      1.00      1.00        14
       32thanh-lam       0.94      1.00      0.97        15
          33bo-cau       1.00      1.00      1.00        11
      34choc-quach       0.67      0.91      0.77        11
         35que-lam       0.92      1.00      0.96        11
         36ngu-sac       1.00      1.00      1.00        13
     37hoanh-hoach       0.90      0.64      0.75        14
              38en       0.70      0.28      0.40        74
      39thanh-tuoc       1.00      1.00      1.00        19
             40vac       1.00      1.00      1.00        18
        41chia-voi       1.00      1.00      1.00         9
         42mat-xeo       1.00      1.00      1.00        18
          43mat-do       1.00      1.00      1.00        18
         44sam-cam       1.00      1.00      1.00        18
          45cu-gay       1.00      0.98      0.99        49
             46ket       1.00      1.00      1.00        11
       47trao-trao       1.00      1.00      1.00        43
        48xanh-tim       1.00      1.00      1.00        18

          accuracy                           0.93      1600
         macro avg       0.93      0.95      0.93      1600
      weighted avg       0.94      0.93      0.93      1600
